5.8458110526e-06
9.0080323025e-06
9.3543288565e-06
5.2729980912e-06
-3.2416891828e-06
-1.3990662486e-05
-2.2863842247e-05
-2.5147863005e-05
-1.7520829511e-05
-3.5598823818e-20
2.3060948455e-05
4.3628061023e-05
5.2436057761e-05
4.2612375833e-05
1.3198881524e-05
-2.8959509592e-05
-7.0140999367e-05
-9.3741563237e-05
-8.6360163518e-05
-4.3919217083e-05
2.4676691871e-05
9.8339614033e-05
1.4963270700e-04
1.5429392384e-04
1.0136196759e-04
-4.3851979748e-19
-1.2028831036e-04
-2.1733288723e-04
-2.5026028333e-04
-1.9540049114e-04
-5.8296695876e-05
1.2347765255e-04
2.8929078512e-04
3.7467191956e-04
3.3504775006e-04
1.6564443789e-04
-9.0601975189e-05
-3.5193186023e-04
-5.2256949085e-04
-5.2640973073e-04
-3.3817700852e-04
3.5013734073e-18
3.8483297170e-04
6.8172461040e-04
7.7027081572e-04
5.9055288973e-04
1.7312292749e-04
-3.6054232939e-04
-8.3104564293e-04
-1.0595358469e-03
-9.3322254749e-04
-4.5467195815e-04
2.4520005240e-04
9.3953451749e-04
1.3768000336e-03
1.3693588098e-03
8.6894243130e-04
-2.4240891601e-18
-9.6596930757e-04
-1.6923101776e-03
-1.8917342476e-03
-1.4354329902e-03
-4.1662409774e-04
8.5934371006e-04
1.9624965709e-03
2.4798386058e-03
2.1655353615e-03
1.0463999484e-03
-5.5986820163e-04
-2.1290670829e-03
-3.0974502434e-03
-3.0595204411e-03
-1.9287510517e-03
4.0104366141e-18
2.1183167075e-03
3.6906635607e-03
4.1042635722e-03
3.0993128968e-03
8.9555990823e-04
-1.8397105731e-03
-4.1859429082e-03
-5.2721117825e-03
-4.5907601126e-03
-2.2129094311e-03
1.1816664396e-03
4.4869090331e-03
6.5211914459e-03
6.4382526904e-03
4.0590381679e-03
-5.6303371510e-18
-4.4666608775e-03
-7.7972959448e-03
-8.6942545925e-03
-6.5879992458e-03
-1.9117614932e-03
3.9475673447e-03
9.0372986211e-03
1.1464595973e-02
1.0066908155e-02
4.8997395720e-03
-2.6455916283e-03
-1.0173832972e-02
-1.5001922708e-02
-1.5057089785e-02
-9.6724233027e-03
6.8529981385e-18
1.1140799267e-02
1.9995564660e-02
2.3016159877e-02
1.8090089626e-02
5.4763851523e-03
-1.1879122726e-02
-2.8815261844e-02
-3.9154647992e-02
-3.7347130920e-02
-2.0119361568e-02
1.2342125304e-02
5.6044045365e-02
1.0382916505e-01
1.4689139692e-01
1.7679767037e-01
1.8749839754e-01
1.7679767037e-01
1.4689139692e-01
1.0382916505e-01
5.6044045365e-02
1.2342125304e-02
-2.0119361568e-02
-3.7347130920e-02
-3.9154647992e-02
-2.8815261844e-02
-1.1879122726e-02
5.4763851523e-03
1.8090089626e-02
2.3016159877e-02
1.9995564660e-02
1.1140799267e-02
6.8529981385e-18
-9.6724233027e-03
-1.5057089785e-02
-1.5001922708e-02
-1.0173832972e-02
-2.6455916283e-03
4.8997395720e-03
1.0066908155e-02
1.1464595973e-02
9.0372986211e-03
3.9475673447e-03
-1.9117614932e-03
-6.5879992458e-03
-8.6942545925e-03
-7.7972959448e-03
-4.4666608775e-03
-5.6303371510e-18
4.0590381679e-03
6.4382526904e-03
6.5211914459e-03
4.4869090331e-03
1.1816664396e-03
-2.2129094311e-03
-4.5907601126e-03
-5.2721117825e-03
-4.1859429082e-03
-1.8397105731e-03
8.9555990823e-04
3.0993128968e-03
4.1042635722e-03
3.6906635607e-03
2.1183167075e-03
4.0104366141e-18
-1.9287510517e-03
-3.0595204411e-03
-3.0974502434e-03
-2.1290670829e-03
-5.5986820163e-04
1.0463999484e-03
2.1655353615e-03
2.4798386058e-03
1.9624965709e-03
8.5934371006e-04
-4.1662409774e-04
-1.4354329902e-03
-1.8917342476e-03
-1.6923101776e-03
-9.6596930757e-04
-2.4240891601e-18
8.6894243130e-04
1.3693588098e-03
1.3768000336e-03
9.3953451749e-04
2.4520005240e-04
-4.5467195815e-04
-9.3322254749e-04
-1.0595358469e-03
-8.3104564293e-04
-3.6054232939e-04
1.7312292749e-04
5.9055288973e-04
7.7027081572e-04
6.8172461040e-04
3.8483297170e-04
3.5013734073e-18
-3.3817700852e-04
-5.2640973073e-04
-5.2256949085e-04
-3.5193186023e-04
-9.0601975189e-05
1.6564443789e-04
3.3504775006e-04
3.7467191956e-04
2.8929078512e-04
1.2347765255e-04
-5.8296695876e-05
-1.9540049114e-04
-2.5026028333e-04
-2.1733288723e-04
-1.2028831036e-04
-4.3851979748e-19
1.0136196759e-04
1.5429392384e-04
1.4963270700e-04
9.8339614033e-05
2.4676691871e-05
-4.3919217083e-05
-8.6360163518e-05
-9.3741563237e-05
-7.0140999367e-05
-2.8959509592e-05
1.3198881524e-05
4.2612375833e-05
5.2436057761e-05
4.3628061023e-05
2.3060948455e-05
-3.5598823818e-20
-1.7520829511e-05
-2.5147863005e-05
-2.2863842247e-05
-1.3990662486e-05
-3.2416891828e-06
5.2729980912e-06
9.3543288565e-06
9.0080323025e-06
5.8458110526e-06
